221 
221 
221 
221 
221 
221 
221 
221 
221 
253 
253 
252 
252 
252 
252 
251 
251 
251 
283 
282 
282 
282 
282 
281 
281 
281 
281 
280 
280 
280 
280 
248 
248 
248 
248 
248 
248 
248 
248 
248 
248 
248 
216 
216 
216 
216 
216 
216 
216 
216 
216 
216 
184 
184 
184 
184 
184 
184 
184 
184 
184 
184 
184 
152 
152 
152 
152 
152 
152 
152 
152 
152 
152 
152 
120 
120 
120 
120 
120 
120 
120 
120 
120 
120 
119 
119 
119 
119 
119 
119 
119 
119 
119 
119 
119 
118 
118 
118 
118 
118 
118 
118 
118 
118 
118 
118 
117 
117 
117 
117 
117 
117 
117 
117 
117 
117 
116 
116 
116 
116 
116 
116 
116 
116 
116 
116 
116 
115 
115 
115 
115 
115 
115 
115 
115 
115 
115 
115 
114 
114 
114 
114 
114 
114 
114 
114 
114 
114 
114 
113 
113 
113 
113 
113 
113 
113 
113 
113 
113 
112 
112 
112 
112 
112 
112 
112 
112 
112 
112 
112 
112 
112 
112 
112 
112 
112 
112 
112 
112 
112 
112 
112 
112 
112 
112 
112 
112 
112 
112 
112 
112 
112 
111 
111 
79 
79 
78 
78 
78 
78 
78 
78 
77 
77 
77 
77 
77 
77 
77 
77 
77 
77 
77 
77 
77 
77 
77 
77 
77 
77 
77 
77 
77 
77 
77 
77 
77 
77 
77 
77 
77 
77 
77 
77 
77 
109 
109 
108 
108 
140 
140 
140 
140 
140 
140 
172 
172 
172 
172 
172 
172 
172 
172 
172 
172 
172 
173 
173 
173 
173 
173 
173 
173 
173 
173 
173 
174 
174 
174 
174 
174 
174 
174 
174 
174 
174 
174 
175 
175 
175 
175 
175 
175 
175 
175 
175 
175 
175 
176 
176 
176 
176 
176 
176 
176 
176 
176 
176 
176 
177 
177 
177 
177 
177 
177 
177 
177 
177 
177 
178 
178 
178 
178 
178 
178 
178 
178 
178 
178 
178 
179 
179 
179 
179 
179 
179 
179 
179 
179 
179 
179 
180 
180 
180 
180 
180 
180 
180 
180 
180 
180 
180 
212 
212 
212 
212 
212 
212 
212 
212 
212 
212 
213 
213 
213 
213 
213 
213 
213 
213 
213 
213 
213 
214 
214 
214 
214 
214 
214 
214 
214 
214 
214 
214 
246 
246 
246 
246 
246 
246 
246 
246 
246 
246 
278 
278 
278 
278 
278 
278 
278 
278 
278 
278 
278 
310 
310 
310 
310 
310 
310 
310 
310 
310 
310 
310 
342 
342 
342 
342 
342 
342 
342 
342 
342 
342 
342 
343 
343 
343 
343 
343 
343 
343 
343 
343 
343 
344 
344 
344 
344 
344 
344 
344 
344 
344 
344 
344 
345 
345 
345 
345 
345 
345 
345 
345 
345 
345 
346 
346 
346 
346 
346 
346 
346 
346 
346 
346 
346 
347 
347 
347 
347 
347 
347 
347 
347 
347 
347 
347 
348 
348 
348 
348 
348 
348 
348 
348 
348 
348 
348 
348 
348 
348 
348 
348 
348 
348 
348 
348 
348 
348 
348 
348 
348 
348 
348 
348 
348 
348 
348 
348 
348 
348 
348 
348 
348 
348 
348 
348 
348 
348 
348 
348 
348 
348 
348 
348 
348 
348 
348 
348 
348 
348 
348 
348 
348 
348 
348 
348 
348 
348 
348 
348 
348 
348 
348 
348 
348 
348 
348 
348 
348 
348 
348 
348 
348 
348 
348 
348 
348 
348 
348 
348 
348 
348 
348 
348 
348 
348 
348 
348 
348 
348 
348 
348 
348 
348 
348 
348 
348 
348 
348 
348 
348 
348 
348 
348 
348 
348 
348 
348 
348 
348 
348 
348 
348 
348 
316 
316 
316 
316 
284 
284 
284 
284 
252 
251 
251 
251 
251 
219 
219 
219 
218 
218 
186 
186 
186 
186 
154 
154 
154 
154 
154 
154 
154 
154 
154 
154 
153 
153 
153 
153 
153 
153 
153 
153 
153 
153 
153 
152 
152 
152 
152 
152 
152 
152 
152 
152 
152 
152 
120 
120 
120 
120 
120 
120 
120 
120 
120 
120 
119 
119 
119 
119 
119 
119 
119 
119 
119 
119 
119 
118 
118 
118 
118 
118 
118 
118 
118 
118 
118 
117 
117 
117 
117 
117 
117 
117 
117 
117 
117 
117 
116 
116 
116 
116 
116 
116 
116 
116 
116 
116 
116 
115 
115 
115 
115 
115 
115 
115 
115 
115 
115 
115 
114 
114 
114 
114 
114 
114 
114 
114 
114 
114 
113 
113 
113 
113 
113 
113 
113 
113 
113 
113 
113 
112 
112 
112 
112 
112 
112 
112 
112 
112 
112 
112 
112 
112 
112 
112 
112 
112 
112 
112 
112 
112 
112 
112 
112 
112 
112 
112 
112 
112 
112 
112 
112 
111 
111 
111 
79 
79 
78 
78 
78 
78 
78 
78 
77 
77 
77 
77 
77 
77 
77 
77 
77 
77 
77 
77 
77 
77 
77 
77 
77 
77 
77 
77 
77 
77 
77 
77 
77 
77 
77 
77 
77 
77 
77 
77 
109 
109 
108 
108 
108 
140 
140 
140 
140 
140 
140 
172 
172 
172 
172 
172 
172 
172 
172 
172 
172 
172 
173 
173 
173 
173 
173 
173 
173 
173 
173 
173 
174 
174 
174 
174 
174 
174 
174 
174 
174 
174 
174 
175 
175 
175 
175 
175 
175 
175 
175 
175 
175 
176 
176 
176 
176 
176 
176 
176 
176 
176 
176 
176 
177 
177 
177 
177 
177 
177 
177 
177 
177 
177 
177 
178 
178 
178 
178 
178 
178 
178 
178 
178 
178 
178 
179 
179 
179 
179 
179 
179 
179 
179 
179 
179 
180 
180 
180 
180 
180 
180 
180 
180 
180 
180 
180 
212 
212 
212 
212 
212 
212 
212 
212 
212 
212 
212 
213 
213 
213 
213 
213 
213 
213 
213 
213 
213 
214 
214 
214 
214 
214 
214 
214 
214 
214 
214 
214 
246 
246 
246 
246 
246 
246 
246 
246 
246 
246 
246 
278 
278 
278 
278 
278 
278 
278 
278 
278 
278 
278 
310 
310 
310 
310 
310 
310 
310 
310 
310 
310 
342 
342 
342 
342 
342 
342 
342 
342 
342 
342 
342 
343 
343 
343 
343 
343 
343 
343 
343 
343 
343 
343 
344 
344 
344 
344 
344 
344 
344 
344 
344 
344 
345 
345 
345 
345 
345 
345 
345 
345 
345 
345 
345 
346 
346 
346 
346 
346 
346 
346 
346 
346 
346 
346 
347 
347 
347 
347 
347 
347 
347 
347 
347 
347 
347 
348 
348 
348 
348 
348 
348 
348 
348 
348 
348 
348 
348 
348 
348 
348 
348 
348 
348 
348 
348 
348 
348 
348 
348 
348 
348 
348 
348 
348 
348 
348 
348 
348 
348 
348 
348 
348 
348 
348 
348 
348 
348 
348 
348 
348 
348 
348 
348 
348 
348 
348 
348 
348 
348 
348 
348 
348 
348 
348 
348 
348 
348 
348 
348 
348 
348 
348 
348 
348 
348 
348 
348 
348 
348 
348 
348 
348 
348 
348 
348 
348 
348 
348 
348 
348 
348 
348 
348 
348 
348 
348 
348 
348 
348 
348 
348 
348 
348 
348 
348 
348 
348 
348 
348 
348 
348 
348 
348 
348 
348 
348 
348 
348 
348 
348 
348 
348 
348 
316 
316 
316 
316 
284 
284 
284 
284 
251 
251 
251 
251 
251 
219 
219 
219 
218 
186 
186 
186 
186 
186 
154 
154 
154 
154 
154 
154 
154 
154 
154 
154 
153 
153 
153 
153 
153 
153 
153 
153 
153 
153 
152 
152 
152 
152 
152 
152 
152 
152 
152 
152 
152 
120 
120 
120 
120 
120 
120 
120 
120 
120 
120 
120 
119 
119 
119 
119 
119 
119 
119 
119 
119 
119 
118 
118 
118 
118 
118 
118 
118 
118 
118 
118 
118 
117 
117 
117 
117 
117 
117 
117 
117 
117 
117 