318 
318 
318 
318 
318 
318 
318 
318 
350 
318 
318 
286 
286 
286 
286 
286 
286 
286 
286 
254 
254 
254 
254 
254 
254 
254 
254 
254 
254 
254 
222 
222 
222 
222 
222 
222 
222 
222 
222 
222 
190 
190 
190 
190 
190 
190 
190 
190 
190 
190 
190 
190 
190 
190 
157 
189 
189 
189 
189 
189 
189 
189 
188 
188 
188 
188 
188 
188 
188 
188 
188 
188 
188 
187 
187 
187 
187 
187 
187 
187 
187 
187 
187 
186 
186 
186 
186 
186 
186 
186 
186 
186 
186 
186 
186 
186 
186 
186 
154 
154 
154 
154 
154 
154 
154 
154 
154 
154 
153 
153 
153 
153 
153 
153 
153 
153 
153 
153 
153 
153 
153 
153 
153 
153 
153 
153 
153 
153 
153 
153 
153 
153 
153 
153 
153 
153 
153 
153 
153 
153 
153 
120 
120 
119 
119 
119 
119 
119 
87 
86 
118 
118 
118 
118 
118 
118 
118 
118 
117 
117 
117 
117 
117 
117 
117 
117 
117 
117 
117 
116 
116 
116 
116 
116 
116 
116 
116 
116 
116 
116 
115 
115 
115 
115 
115 
115 
115 
115 
115 
115 
114 
114 
114 
114 
114 
114 
114 
114 
114 
114 
114 
113 
113 
113 
113 
113 
113 
113 
113 
113 
113 
113 
112 
112 
112 
112 
112 
112 
112 
112 
112 
112 
112 
112 
112 
112 
112 
112 
112 
112 
112 
112 
112 
112 
112 
111 
111 
79 
79 
79 
79 
79 
79 
79 
78 
78 
78 
78 
78 
78 
78 
78 
78 
78 
78 
77 
77 
77 
77 
77 
77 
77 
77 
77 
77 
76 
76 
76 
76 
76 
76 
76 
76 
76 
76 
76 
76 
76 
76 
76 
76 
75 
75 
107 
108 
108 
108 
140 
140 
140 
140 
140 
140 
140 
140 
140 
140 
172 
172 
172 
172 
172 
172 
172 
172 
172 
172 
172 
172 
172 
172 
173 
173 
173 
173 
173 
173 
173 
173 
173 
173 
173 
173 
173 
173 
174 
174 
174 
174 
174 
175 
175 
175 
175 
175 
175 
175 
175 
175 
175 
176 
176 
176 
176 
176 
176 
176 
176 
176 
176 
176 
177 
177 
177 
177 
177 
177 
177 
177 
177 
177 
177 
178 
178 
178 
178 
178 
178 
178 
178 
178 
178 
178 
179 
179 
179 
179 
179 
179 
179 
179 
179 
179 
180 
180 
180 
180 
180 
180 
180 
180 
180 
180 
180 
180 
180 
180 
180 
213 
213 
213 
212 
212 
212 
212 
212 
212 
212 
244 
244 
244 
245 
245 
213 
213 
213 
214 
214 
214 
214 
214 
214 
214 
214 
214 
214 
214 
214 
214 
247 
246 
246 
246 
246 
246 
246 
246 
246 
246 
246 
246 
246 
278 
278 
278 
278 
278 
278 
310 
310 
310 
310 
310 
310 
310 
310 
310 
310 
342 
342 
342 
342 
342 
342 
342 
342 
342 
342 
342 
342 
342 
343 
343 
343 
343 
343 
343 
343 
343 
343 
344 
344 
344 
344 
344 
344 
344 
344 
344 
344 
344 
345 
345 
345 
345 
345 
345 
345 
345 
345 
345 
346 
346 
346 
346 
346 
346 
346 
346 
346 
346 
346 
347 
347 
347 
347 
347 
347 
347 
347 
347 
347 
347 
348 
348 
348 
348 
348 
348 
348 
348 
348 
348 
349 
349 
349 
349 
349 
349 
349 
349 
349 
349 
349 
350 
350 
350 
350 
350 
350 
350 
350 
350 
350 
350 
350 
350 
350 
350 
350 
350 
350 
350 
350 
350 
350 
350 
350 
350 
350 
350 
350 
350 
350 
318 
318 
286 
286 
286 
286 
286 
286 
286 
286 
286 
286 
286 
254 
254 
254 
254 
254 
254 
254 
254 
254 
254 
222 
222 
222 
222 
222 
222 
222 
222 
222 
222 
222 
222 
222 
221 
221 
221 
221 
221 
221 
221 
221 
221 
188 
220 
220 
220 
220 
220 
220 
220 
220 
220 
220 
220 
220 
220 
220 
220 
220 
188 
188 
188 
188 
188 
188 
188 
188 
188 
188 
188 
187 
187 
187 
187 
186 
186 
186 
186 
186 
186 
186 
186 
186 
186 
186 
186 
186 
186 
186 
153 
154 
154 
154 
154 
154 
154 
122 
122 
122 
122 
121 
153 
153 
153 
153 
153 
153 
153 
153 
153 
153 
153 
153 
153 
153 
153 
153 
153 
153 
153 
153 
153 
153 
152 
120 
120 
120 
120 
120 
119 
119 
119 
119 
119 
119 
119 
119 
119 
118 
118 
118 
118 
118 
118 
118 
118 
118 
118 
118 
117 
117 
117 
117 
117 
117 
117 
117 
117 
117 
117 
116 
116 
116 
116 
116 
116 
116 
116 
116 
116 
115 
115 
115 
115 
115 
115 
115 
115 
115 
115 
115 
114 
114 
114 
114 
114 
114 
114 
114 
114 
114 
114 
113 
113 
113 
113 
113 
113 
113 
113 
113 
113 
113 
112 
112 
112 
112 
112 
112 
112 
112 
112 
112 
112 
112 
112 
112 
112 
112 
112 
112 
112 
112 
112 
111 
79 
79 
79 
79 
79 
79 
79 
79 
79 
78 
78 
78 
78 
78 
78 
78 
78 
78 
78 
78 
78 
77 
77 
77 
77 
77 
77 
77 
77 
77 
77 
76 
76 
76 
76 
76 
76 
76 
76 
76 
76 
76 
76 
76 
108 
108 
108 
108 
108 
108 
108 
108 
140 
140 
140 
140 
140 
140 
140 
140 
140 
140 
140 
172 
172 
172 
172 
172 
172 
172 
172 
172 
172 
172 
172 
172 
173 
173 
173 
173 
173 
173 
173 
173 
173 
174 
174 
174 
174 
174 
174 
174 
174 
174 
174 
175 
175 
175 
175 
175 
175 
175 
175 
175 
175 
175 
176 
176 
176 
176 
176 
176 
176 
176 
176 
176 
176 
177 
177 
177 
177 
177 
177 
177 
177 
177 
177 
178 
178 
178 
178 
178 
178 
178 
178 
178 
178 
178 
179 
179 
179 
179 
179 
179 
179 
179 
179 
179 
179 
180 
180 
180 
180 
180 
180 
180 
180 
180 
180 
180 
180 
181 
213 
213 
212 
212 
212 
212 
212 
212 
212 
212 
212 
212 
212 
212 
213 
213 
213 
213 
213 
214 
214 
214 
214 
214 
214 
214 
214 
214 
214 
214 
214 
214 
215 
247 
247 
246 
246 
246 
246 
246 
246 
246 
246 
246 
278 
278 
278 
278 
278 
278 
278 
310 
310 
310 
310 
310 
310 
310 
310 
310 
310 
310 
342 
342 
342 
342 
342 
342 
342 
342 
342 
342 
342 
342 
342 
374 
374 
375 
343 
343 
343 
343 
343 
343 
343 
343 
343 
343 
343 
343 
343 
343 
343 
343 
343 
343 
343 
343 
343 
312 
313 
313 
345 
345 
345 
345 
345 
346 
346 
346 
346 
346 
346 
346 
346 
347 
347 
347 
347 
347 
347 
347 
347 
347 
347 
347 
348 
348 
348 
348 
348 
348 
348 
348 
348 
348 
348 
349 
349 
349 
349 
349 
349 
349 
349 
349 
349 
350 
350 
350 
350 
350 
350 
350 
350 
350 
350 
350 
350 
350 
350 
350 
350 
350 
350 
350 
350 
350 
350 
350 
318 
318 
318 
318 
318 
318 
318 
318 
318 
318 
286 
286 
286 
286 
286 
286 
286 
286 
286 
286 
254 
254 
254 
254 
254 
254 
254 
254 
254 
254 
254 
222 
222 
222 
222 
222 
222 
222 
222 
222 
222 
222 
222 
221 
221 
221 
221 
221 
221 
221 
221 
221 
220 
220 
220 
220 
220 
220 
220 
220 
220 
220 
220 
220 
220 
220 
220 
220 
220 
188 
188 
188 
188 
188 
188 
188 
188 
188 
187 
187 
187 
187 
187 
187 
187 
186 
186 
186 
186 
186 
186 
186 
186 
186 
186 
186 
186 
186 
186 
186 
186 
186 
154 
154 
154 
154 
154 
154 
154 
154 
154 
154 
154 
154 