216 
217 
218 
219 
220 
221 
220 
188 
187 
186 
154 
153 
152 
120 
119 
118 
117 
116 
115 
114 
113 
112 
80 
79 
78 
77 
76 
108 
140 
172 
173 
174 
175 
176 
177 
178 
179 
180 
212 
213 
214 
246 
278 
310 
342 
343 
344 
345 
346 
347 
348 
349 
350 
350 
318 
286 
254 
222 
221 
220 
188 
187 
186 
154 
153 
152 
120 
119 
118 
117 
116 
115 
114 
113 
112 
80 
79 
78 
77 
76 
108 
140 
172 
173 
174 
175 
176 
177 
178 
179 
180 
212 
213 
214 
246 
278 
310 
342 
343 
344 
345 
346 
347 
348 
349 
350 
350 
318 
286 
254 
222 
221 
220 
188 
187 
186 
216 
217 
218 
219 
220 
221 
220 
188 
187 
186 
154 
153 
152 
120 
119 
118 
117 
116 
115 
114 
113 
112 
80 
79 
78 
77 
76 
108 
140 
172 
173 
174 
175 
176 
177 
178 
179 
180 
181 
182 
214 
246 
278 
310 
342 
343 
344 
345 
346 
347 
348 
349 
350 
350 
318 
286 
254 
222 
190 
189 
188 
187 
186 
185 
184 
183 
182 
216 
216 
217 
218 
219 
220 
221 
220 
188 
187 
186 
154 
153 
152 
120 
119 
118 
117 
116 
115 
114 
113 
112 
80 
79 
78 
77 
76 
108 
140 
172 
173 
174 
175 
176 
177 
178 
179 
180 
181 
182 
214 
246 
278 
310 
342 
343 
344 
345 
346 
347 
348 
349 
350 
350 
318 
286 
254 
222 
190 
189 
188 
187 
186 
185 
184 
183 
182 
181 
180 
212 
213 
214 
215 
216 
217 
218 
219 
220 
221 
220 
188 
187 
186 
154 
153 
152 
120 
119 
118 
117 
116 
115 
114 
113 
112 
80 
79 
78 
77 
76 
108 
140 
172 
173 
174 
175 
176 
177 
178 
179 
180 
212 
213 
214 
246 
278 
278 